15 12 10 7 5
61 62 65 66 69 71 73 76
75 76 77 80 82 85 87 90
83 82 81 78 76
52 50 48 46 43 42
34 32 31 30 29 27
53 55 57 58 61 64 65 68
23 22 19 18 16 15
36 35 33 30 29 26 23 21
43 41 38 35 32 31 28
96 94 91 89 88 86 84 83
94 93 92 90 87 85 84 81
83 86 89 90 93
42 45 48 51 52 53
3 4 6 7 10
83 81 80 78 77 74 71 69
69 66 63 61 58
17 16 14 12 9
74 73 70 68 65 63
41 44 46 47 48 51
81 79 78 77 74
11 14 16 17 18 21 23
79 82 83 85 86 89 92 95
88 87 86 83 82 79 76
28 31 33 36 37 38 40
55 56 59 60 61 63 65
57 60 62 64 67 70 73
58 60 63 66 69 70 73 74
24 22 21 20 18
76 79 82 85 87 90 93
29 27 25 23 22
31 32 33 35 37 39 40
14 12 11 8 7 5 4
80 77 74 71 68 67 66 63
57 59 60 63 65 66 69
96 93 92 90 87 85
76 77 80 82 83 86
20 23 25 27 30 32
26 29 32 34 37 38 41
31 30 29 27 24
31 34 35 36 37 38 41
78 77 75 72 71 69 66
49 47 45 42 40 37 34
94 93 92 91 88
81 78 76 75 74 72 71
7 10 13 16 17 20 23
63 64 66 67 68
9 7 5 4 3
75 73 71 68 66 64 61
64 67 68 69 71 74
60 62 64 67 70 71 73
63 64 67 70 73 75
95 93 92 89 88
40 39 38 36 35
30 28 26 24 23
26 24 21 20 18 17 15
90 91 92 93 96 97
4 5 6 8 10 12 14
36 33 32 30 28
67 66 64 62 60 58 56
52 51 49 48 46 45
16 17 18 21 23 24 27 28
26 28 31 33 35 37 39 40
79 81 82 85 88
36 39 41 44 46
43 45 46 48 51 52 53
49 46 45 43 41 39
24 27 29 32 34 36
55 54 52 49 48
69 72 75 77 80 81 82
13 12 10 7 6
9 10 12 15 16 18 20
76 77 78 80 81 82 84
68 71 72 73 74
26 24 23 22 20 18
38 37 34 33 30 29
53 52 49 48 47 45 42
32 30 27 24 22 20 18
34 35 37 38 41 44 46
5 6 8 10 13 16 17 19
40 38 37 34 31 28 25 23
4 6 7 9 12 15 18
9 11 13 14 16 19 22 23
69 67 66 65 63 62 59 57
81 84 85 87 90 91 94 97
54 56 59 62 65 67 68 70
53 55 58 61 64
65 66 69 71 74 76 77
93 92 90 88 87 85 83 81
83 80 77 75 74
77 76 75 74 73
90 88 85 84 82 80 77 74
58 60 61 62 65
2 5 7 8 9 10 12
46 45 44 41 40
85 83 82 80 79 77 75 72
99 97 95 93 92 89
67 69 72 75 78
79 77 76 74 72
43 45 48 51 54 57 60
98 95 92 91 90 88
41 44 47 49 52 55 56 57
68 66 64 62 61 59 56 55
66 69 72 74 76 78 80 81
72 75 76 79 81 84 86
99 97 94 91 89
52 55 58 59 61 63
80 81 84 86 88 91 93
8 9 10 12 15 17 18
90 91 93 96 99
30 31 34 36 38
90 88 85 82 79 76 74 72
82 84 87 88 89 92
12 9 7 6 3
83 84 87 89 91 94 97
33 36 39 41 42 45 48
7 8 11 13 14 15
48 49 50 51 54 56
92 89 86 83 80 78
60 62 63 66 67 70 71
25 24 21 19 16 13
29 26 25 23 21
71 68 67 64 63
83 85 88 89 90 91 93 95
2 4 7 10 12 13
54 53 50 47 45
8 10 12 13 15 18 19 20
83 82 81 80 77 76 74 71
93 90 88 87 85 84 81 79
76 77 80 81 82 85 86
42 39 37 36 34 32 29 26
48 47 46 44 41 39 36
39 38 37 36 33 32 30
12 15 17 19 20 21 22
30 29 28 27 24 22
37 40 42 43 46 48 50
35 38 39 42 45 48 50
55 58 59 60 62
7 8 11 13 15 16 18
68 67 66 64 61 60
77 79 81 83 84 87 88
60 59 56 54 52 51 50 49
14 16 17 20 22 25 28 30
60 63 66 68 69 70 72
19 16 14 11 9 6 5 3
57 58 61 64 65 66 68
44 42 41 38 37
72 74 75 78 79 82 84
51 54 56 59 60
69 67 66 64 62
33 30 27 25 24
56 54 53 52 50 48
76 78 81 84 86 89 90 93
77 74 71 68 66 64 61 59
41 39 36 35 32 31
75 73 71 69 68 67 64
75 76 78 81 82 83
78 81 83 86 87 88 91 94
33 30 27 25 24 21 19 16
46 47 48 50 51 54 56 59
76 78 79 82 84 87
71 73 75 77 78 79 80
52 54 56 59 61 63 65
7 10 12 13 15 18
3 6 8 10 12 13
78 80 82 84 86
58 55 53 50 47 45
88 85 82 79 78 77 74
8 7 6 5 3 2
38 36 33 30 29 28
59 62 63 66 68 70
83 86 88 89 91 93 96 99
19 21 23 26 28 31
14 16 19 22 25 27
91 90 88 87 86 85 84 83
5 8 11 14 17 18 20
87 88 91 92 94 96 97
4 5 6 8 9
32 30 27 24 23 20
56 55 54 52 49 48
31 30 28 27 24 22 19
79 82 85 86 88 89 90 91
92 89 87 84 83 80
75 72 71 69 67
54 51 49 46 45 44 41 38
38 36 35 34 31
68 66 63 62 59 58
90 89 87 86 84 81 78
51 52 54 57 59 60 61 62
18 19 20 21 23 25
52 50 47 45 44
71 73 74 76 79 82 85
19 21 23 25 26
47 46 43 41 40 38 36 33
32 35 37 40 42 43 45
57 54 52 50 47 46 44 42
33 35 37 40 43 44
38 35 33 32 29 26 24 23
63 61 60 57 56
90 87 84 83 81 80 79 76
11 13 14 15 18 19 21
59 56 53 51 48 47 44
54 56 57 60 61 63
26 27 29 31 34 35 38
64 63 61 59 58 55 54
17 15 14 12 10 7
85 86 88 91 94
23 26 29 30 32 33 36 37
31 32 33 34 36 38 39
88 89 92 94 97
74 72 70 67 64 61
18 17 14 11 10 8 5 2
66 63 60 57 54 51 48
49 52 55 56 58 59 62
55 52 49 48 47 46 45
59 57 56 55 54 53 50
25 26 28 29 31 32 33
52 50 48 47 46 45 44 41
48 47 46 44 41
16 14 13 12 9
18 19 20 21 24
34 37 40 43 44
46 49 51 54 56
81 79 78 77 75 72 69 68
26 24 22 19 17 16 13
19 21 24 26 27 30
13 14 16 18 19 22 24 26
41 43 45 46 47 48
92 89 87 85 84
34 35 38 39 40 41 44
96 95 93 90 89
66 68 69 70 71 72
82 79 78 77 74
40 38 37 34 33 31 28
71 72 74 76 78 80 81 83
37 36 34 32 31 28 27 25
40 42 44 47 49 51 52
84 81 78 77 76 75
22 23 25 26 29 31 32 35
35 34 33 31 29 28 25
34 36 38 41 44 46 47 49
51 48 46 43 42 41 38 36
1 2 4 5 7
70 68 65 64 62
34 31 30 29 27 26
35 34 31 29 26
33 35 38 39 42 45
65 64 61 59 56 53
65 63 60 57 55
38 36 33 32 29
59 61 64 65 66
93 92 89 86 84 83 82
14 13 12 9 7
63 66 69 70 72 75 76 79
31 32 33 36 37 39
37 39 40 42 45 47
20 22 23 25 26
55 52 49 46 45 42
19 21 23 24 27 30 33
2 4 6 7 9 12 15 16
76 79 80 82 83 84 87
49 51 52 53 55 57
54 55 57 59 61
3 5 6 9 12 14 15
95 92 91 88 87 84 83 80
54 56 57 58 61 62 63
1 3 5 6 8 10
76 79 80 82 85
21 23 24 27 28 31 33
52 49 46 43 41 40 38
69 71 74 76 77
57 55 52 49 48
22 19 16 14 11
67 68 70 72 73 74 75 76
17 14 13 10 7 6 3 2
76 73 72 71 69 67 66
70 72 73 75 78 79
56 53 50 47 44 43 42 39
72 70 68 66 64 61
80 81 84 86 87 90
35 32 29 28 26 25
30 33 35 36 39 40 41 43
62 59 57 56 53
51 48 46 44 43
32 31 29 28 25 23 21 19
90 89 87 85 84 81 80 79
66 64 62 59 56 55 54 53
70 71 72 73 74 76 79 81
84 86 88 89 92 94 95 98
61 60 58 56 54
79 81 83 86 87 89 92
23 20 17 16 15 14 11 8
39 38 37 34 33 32
14 13 10 8 7 6
29 31 34 37 38 41 43
22 24 26 28 29 30
31 28 27 25 24
51 50 49 48 46 44 43
69 70 71 74 75 77
299
